  0.0000000e+000  2.3000000e+001  1.0000000e+001  1.0000000e+000  0.0000000e+000  0.0000000e+000  1.0000000e+000  0.0000000e+000  0.0000000e+000  0.0000000e+000
  0.0000000e+000  2.6000000e+001  1.2000000e+001  0.0000000e+000  0.0000000e+000  0.0000000e+000  0.0000000e+000  0.0000000e+000  0.0000000e+000  1.2383680e+004
  0.0000000e+000  2.2000000e+001  9.0000000e+000  1.0000000e+000  0.0000000e+000  0.0000000e+000  1.0000000e+000  0.0000000e+000  0.0000000e+000  0.0000000e+000
  0.0000000e+000  1.8000000e+001  9.0000000e+000  1.0000000e+000  0.0000000e+000  0.0000000e+000  1.0000000e+000  0.0000000e+000  0.0000000e+000  1.0740080e+004
  0.0000000e+000  4.5000000e+001  1.1000000e+001  1.0000000e+000  0.0000000e+000  0.0000000e+000  1.0000000e+000  0.0000000e+000  0.0000000e+000  1.1796470e+004
  0.0000000e+000  1.8000000e+001  9.0000000e+000  1.0000000e+000  0.0000000e+000  0.0000000e+000  1.0000000e+000  0.0000000e+000  0.0000000e+000  9.2270520e+003
  0.0000000e+000  2.4000000e+001  8.0000000e+000  0.0000000e+000  0.0000000e+000  0.0000000e+000  1.0000000e+000  0.0000000e+000  0.0000000e+000  1.0569270e+004
  0.0000000e+000  3.4000000e+001  1.1000000e+001  1.0000000e+000  0.0000000e+000  1.0000000e+000  1.0000000e+000  0.0000000e+000  0.0000000e+000  6.0403350e+003
  0.0000000e+000  2.4000000e+001  4.0000000e+000  0.0000000e+000  1.0000000e+000  0.0000000e+000  1.0000000e+000  0.0000000e+000  0.0000000e+000  3.8808330e+003
  0.0000000e+000  3.6000000e+001  1.0000000e+001  1.0000000e+000  0.0000000e+000  0.0000000e+000  1.0000000e+000  0.0000000e+000  0.0000000e+000  0.0000000e+000
  0.0000000e+000  2.1000000e+001  1.4000000e+001  1.0000000e+000  0.0000000e+000  0.0000000e+000  0.0000000e+000  0.0000000e+000  0.0000000e+000  5.7750620e+003
  0.0000000e+000  2.8000000e+001  9.0000000e+000  1.0000000e+000  0.0000000e+000  0.0000000e+000  1.0000000e+000  0.0000000e+000  0.0000000e+000  0.0000000e+000
  0.0000000e+000  2.7000000e+001  7.0000000e+000  1.0000000e+000  0.0000000e+000  1.0000000e+000  1.0000000e+000  0.0000000e+000  0.0000000e+000  0.0000000e+000
  0.0000000e+000  1.9000000e+001  1.1000000e+001  0.0000000e+000  0.0000000e+000  0.0000000e+000  1.0000000e+000  0.0000000e+000  0.0000000e+000  0.0000000e+000
  0.0000000e+000  2.0000000e+001  8.0000000e+000  1.0000000e+000  0.0000000e+000  0.0000000e+000  1.0000000e+000  0.0000000e+000  0.0000000e+000  0.0000000e+000
  0.0000000e+000  3.4000000e+001  1.2000000e+001  1.0000000e+000  0.0000000e+000  0.0000000e+000  0.0000000e+000  0.0000000e+000  0.0000000e+000  2.1137220e+003
  0.0000000e+000  2.4000000e+001  1.0000000e+001  1.0000000e+000  0.0000000e+000  0.0000000e+000  1.0000000e+000  0.0000000e+000  0.0000000e+000  7.6186390e+003
  0.0000000e+000  2.2000000e+001  8.0000000e+000  0.0000000e+000  1.0000000e+000  0.0000000e+000  1.0000000e+000  0.0000000e+000  0.0000000e+000  9.9209450e+003
  0.0000000e+000  2.5000000e+001  1.1000000e+001  1.0000000e+000  0.0000000e+000  0.0000000e+000  1.0000000e+000  0.0000000e+000  0.0000000e+000  4.1963750e+003
  0.0000000e+000  3.9000000e+001  9.0000000e+000  1.0000000e+000  0.0000000e+000  0.0000000e+000  1.0000000e+000  0.0000000e+000  0.0000000e+000  0.0000000e+000
  0.0000000e+000  1.9000000e+001  9.0000000e+000  1.0000000e+000  0.0000000e+000  1.0000000e+000  1.0000000e+000  0.0000000e+000  0.0000000e+000  1.6658250e+004
  0.0000000e+000  4.4000000e+001  9.0000000e+000  1.0000000e+000  0.0000000e+000  0.0000000e+000  1.0000000e+000  0.0000000e+000  0.0000000e+000  9.7220030e+003
  0.0000000e+000  2.7000000e+001  8.0000000e+000  1.0000000e+000  0.0000000e+000  0.0000000e+000  1.0000000e+000  0.0000000e+000  0.0000000e+000  3.7836600e+003
  0.0000000e+000  2.5000000e+001  8.0000000e+000  1.0000000e+000  0.0000000e+000  0.0000000e+000  1.0000000e+000  0.0000000e+000  0.0000000e+000  3.5159290e+003
  0.0000000e+000  3.1000000e+001  1.0000000e+001  1.0000000e+000  0.0000000e+000  0.0000000e+000  1.0000000e+000  0.0000000e+000  0.0000000e+000  1.7014590e+004
  0.0000000e+000  3.4000000e+001  1.0000000e+001  1.0000000e+000  0.0000000e+000  1.0000000e+000  1.0000000e+000  0.0000000e+000  0.0000000e+000  0.0000000e+000
  0.0000000e+000  2.1000000e+001  7.0000000e+000  0.0000000e+000  1.0000000e+000  0.0000000e+000  1.0000000e+000  0.0000000e+000  0.0000000e+000  0.0000000e+000
  0.0000000e+000  3.3000000e+001  1.2000000e+001  1.0000000e+000  0.0000000e+000  0.0000000e+000  0.0000000e+000  0.0000000e+000  0.0000000e+000  5.9702570e+003
  0.0000000e+000  1.8000000e+001  1.0000000e+001  0.0000000e+000  1.0000000e+000  0.0000000e+000  1.0000000e+000  0.0000000e+000  0.0000000e+000  1.8591670e+003
  0.0000000e+000  2.6000000e+001  1.2000000e+001  1.0000000e+000  0.0000000e+000  1.0000000e+000  0.0000000e+000  0.0000000e+000  0.0000000e+000  6.1919430e+003
  0.0000000e+000  3.1000000e+001  1.2000000e+001  1.0000000e+000  0.0000000e+000  0.0000000e+000  0.0000000e+000  0.0000000e+000  0.0000000e+000  7.2843940e+003
  0.0000000e+000  3.5000000e+001  1.0000000e+001  1.0000000e+000  0.0000000e+000  0.0000000e+000  1.0000000e+000  0.0000000e+000  0.0000000e+000  4.4583090e+002
  0.0000000e+000  2.0000000e+001  1.2000000e+001  1.0000000e+000  0.0000000e+000  0.0000000e+000  0.0000000e+000  0.0000000e+000  0.0000000e+000  0.0000000e+000
  0.0000000e+000  2.5000000e+001  1.1000000e+001  1.0000000e+000  0.0000000e+000  0.0000000e+000  1.0000000e+000  0.0000000e+000  0.0000000e+000  0.0000000e+000
  0.0000000e+000  2.5000000e+001  1.0000000e+001  1.0000000e+000  0.0000000e+000  0.0000000e+000  1.0000000e+000  0.0000000e+000  0.0000000e+000  7.3670400e+003
  0.0000000e+000  3.5000000e+001  1.1000000e+001  1.0000000e+000  0.0000000e+000  0.0000000e+000  1.0000000e+000  0.0000000e+000  0.0000000e+000  0.0000000e+000
  0.0000000e+000  2.0000000e+001  1.0000000e+001  1.0000000e+000  0.0000000e+000  0.0000000e+000  1.0000000e+000  0.0000000e+000  0.0000000e+000  2.0155030e+003
  0.0000000e+000  2.5000000e+001  9.0000000e+000  0.0000000e+000  1.0000000e+000  0.0000000e+000  1.0000000e+000  0.0000000e+000  0.0000000e+000  1.5791130e+004
  0.0000000e+000  2.7000000e+001  1.0000000e+001  1.0000000e+000  0.0000000e+000  0.0000000e+000  1.0000000e+000  0.0000000e+000  0.0000000e+000  1.1354700e+003
  0.0000000e+000  2.0000000e+001  1.1000000e+001  0.0000000e+000  1.0000000e+000  0.0000000e+000  1.0000000e+000  0.0000000e+000  0.0000000e+000  6.3787200e+003
  0.0000000e+000  2.6000000e+001  1.1000000e+001  1.0000000e+000  0.0000000e+000  0.0000000e+000  1.0000000e+000  0.0000000e+000  0.0000000e+000  7.1761870e+003
  0.0000000e+000  3.8000000e+001  8.0000000e+000  1.0000000e+000  0.0000000e+000  0.0000000e+000  1.0000000e+000  0.0000000e+000  0.0000000e+000  0.0000000e+000
  0.0000000e+000  3.4000000e+001  1.0000000e+001  1.0000000e+000  0.0000000e+000  0.0000000e+000  1.0000000e+000  0.0000000e+000  0.0000000e+000  7.9525400e+003
  0.0000000e+000  1.9000000e+001  1.2000000e+001  1.0000000e+000  0.0000000e+000  0.0000000e+000  0.0000000e+000  0.0000000e+000  0.0000000e+000  0.0000000e+000
  0.0000000e+000  3.2000000e+001  8.0000000e+000  1.0000000e+000  0.0000000e+000  0.0000000e+000  1.0000000e+000  0.0000000e+000  0.0000000e+000  7.1521320e+003
  0.0000000e+000  2.0000000e+001  9.0000000e+000  0.0000000e+000  1.0000000e+000  0.0000000e+000  1.0000000e+000  0.0000000e+000  0.0000000e+000  8.3298230e+003
  0.0000000e+000  2.3000000e+001  1.0000000e+001  1.0000000e+000  0.0000000e+000  0.0000000e+000  1.0000000e+000  0.0000000e+000  0.0000000e+000  0.0000000e+000
  0.0000000e+000  3.8000000e+001  1.0000000e+001  1.0000000e+000  0.0000000e+000  0.0000000e+000  1.0000000e+000  0.0000000e+000  0.0000000e+000  1.2429910e+004
  0.0000000e+000  2.4000000e+001  1.1000000e+001  1.0000000e+000  0.0000000e+000  0.0000000e+000  1.0000000e+000  0.0000000e+000  0.0000000e+000  0.0000000e+000
  0.0000000e+000  2.3000000e+001  1.1000000e+001  1.0000000e+000  0.0000000e+000  0.0000000e+000  1.0000000e+000  0.0000000e+000  0.0000000e+000  5.0887600e+003
  0.0000000e+000  2.0000000e+001  7.0000000e+000  0.0000000e+000  1.0000000e+000  0.0000000e+000  1.0000000e+000  0.0000000e+000  0.0000000e+000  4.3740400e+003
  0.0000000e+000  2.1000000e+001  1.1000000e+001  1.0000000e+000  0.0000000e+000  0.0000000e+000  1.0000000e+000  0.0000000e+000  0.0000000e+000  1.5532910e+003
  0.0000000e+000  2.5000000e+001  1.0000000e+001  1.0000000e+000  0.0000000e+000  0.0000000e+000  1.0000000e+000  0.0000000e+000  0.0000000e+000  0.0000000e+000
  0.0000000e+000  2.2000000e+001  1.1000000e+001  1.0000000e+000  0.0000000e+000  1.0000000e+000  1.0000000e+000  0.0000000e+000  0.0000000e+000  1.6983040e+003
  0.0000000e+000  2.3000000e+001  1.1000000e+001  1.0000000e+000  0.0000000e+000  0.0000000e+000  1.0000000e+000  0.0000000e+000  0.0000000e+000  0.0000000e+000
  0.0000000e+000  2.4000000e+001  1.2000000e+001  0.0000000e+000  0.0000000e+000  0.0000000e+000  0.0000000e+000  0.0000000e+000  0.0000000e+000  1.1294630e+004
  0.0000000e+000  2.9000000e+001  1.1000000e+001  1.0000000e+000  0.0000000e+000  0.0000000e+000  1.0000000e+000  0.0000000e+000  0.0000000e+000  0.0000000e+000
  0.0000000e+000  2.4000000e+001  1.1000000e+001  1.0000000e+000  0.0000000e+000  0.0000000e+000  1.0000000e+000  0.0000000e+000  0.0000000e+000  1.4626390e+004
  0.0000000e+000  2.2000000e+001  9.0000000e+000  1.0000000e+000  0.0000000e+000  0.0000000e+000  1.0000000e+000  0.0000000e+000  0.0000000e+000  1.2898380e+004
  0.0000000e+000  2.8000000e+001  1.1000000e+001  1.0000000e+000  0.0000000e+000  0.0000000e+000  1.0000000e+000  0.0000000e+000  0.0000000e+000  5.7671330e+003
  0.0000000e+000  1.8000000e+001  1.0000000e+001  0.0000000e+000  1.0000000e+000  0.0000000e+000  1.0000000e+000  0.0000000e+000  0.0000000e+000  6.5279190e+003
  0.0000000e+000  2.6000000e+001  1.0000000e+001  1.0000000e+000  0.0000000e+000  0.0000000e+000  1.0000000e+000  0.0000000e+000  0.0000000e+000  3.9312380e+003
  0.0000000e+000  2.5000000e+001  1.0000000e+001  1.0000000e+000  0.0000000e+000  0.0000000e+000  1.0000000e+000  0.0000000e+000  0.0000000e+000  2.0942240e+004
  0.0000000e+000  2.4000000e+001  1.0000000e+001  1.0000000e+000  0.0000000e+000  0.0000000e+000  1.0000000e+000  0.0000000e+000  0.0000000e+000  0.0000000e+000
  0.0000000e+000  2.6000000e+001  5.0000000e+000  1.0000000e+000  0.0000000e+000  0.0000000e+000  1.0000000e+000  0.0000000e+000  0.0000000e+000  0.0000000e+000
  0.0000000e+000  3.6000000e+001  1.0000000e+001  1.0000000e+000  0.0000000e+000  0.0000000e+000  1.0000000e+000  0.0000000e+000  0.0000000e+000  1.4690350e+004
  0.0000000e+000  2.2000000e+001  1.1000000e+001  1.0000000e+000  0.0000000e+000  0.0000000e+000  1.0000000e+000  0.0000000e+000  0.0000000e+000  0.0000000e+000
  0.0000000e+000  2.5000000e+001  1.2000000e+001  1.0000000e+000  0.0000000e+000  0.0000000e+000  0.0000000e+000  0.0000000e+000  0.0000000e+000  3.4180970e+003
  0.0000000e+000  2.7000000e+001  1.1000000e+001  1.0000000e+000  0.0000000e+000  0.0000000e+000  1.0000000e+000  0.0000000e+000  0.0000000e+000  1.1197340e+004
  0.0000000e+000  2.9000000e+001  8.0000000e+000  1.0000000e+000  0.0000000e+000  0.0000000e+000  1.0000000e+000  0.0000000e+000  0.0000000e+000  0.0000000e+000
  0.0000000e+000  2.4000000e+001  1.2000000e+001  1.0000000e+000  0.0000000e+000  0.0000000e+000  0.0000000e+000  0.0000000e+000  0.0000000e+000  0.0000000e+000
  0.0000000e+000  2.2000000e+001  1.0000000e+001  1.0000000e+000  0.0000000e+000  0.0000000e+000  1.0000000e+000  0.0000000e+000  0.0000000e+000  0.0000000e+000
  0.0000000e+000  2.4000000e+001  7.0000000e+000  1.0000000e+000  0.0000000e+000  0.0000000e+000  1.0000000e+000  0.0000000e+000  0.0000000e+000  1.4556900e+003
  0.0000000e+000  2.9000000e+001  1.2000000e+001  1.0000000e+000  0.0000000e+000  0.0000000e+000  0.0000000e+000  0.0000000e+000  0.0000000e+000  1.8909370e+003
  0.0000000e+000  2.5000000e+001  1.1000000e+001  0.0000000e+000  1.0000000e+000  1.0000000e+000  1.0000000e+000  0.0000000e+000  0.0000000e+000  4.4856160e+003
  0.0000000e+000  3.0000000e+001  1.2000000e+001  1.0000000e+000  0.0000000e+000  0.0000000e+000  0.0000000e+000  0.0000000e+000  0.0000000e+000  1.3613350e+004
  0.0000000e+000  2.2000000e+001  8.0000000e+000  1.0000000e+000  0.0000000e+000  0.0000000e+000  1.0000000e+000  0.0000000e+000  0.0000000e+000  1.3905090e+003
  0.0000000e+000  5.5000000e+001  3.0000000e+000  1.0000000e+000  0.0000000e+000  0.0000000e+000  1.0000000e+000  0.0000000e+000  0.0000000e+000  5.8437960e+003
  0.0000000e+000  2.0000000e+001  1.0000000e+001  1.0000000e+000  0.0000000e+000  0.0000000e+000  1.0000000e+000  0.0000000e+000  0.0000000e+000  8.5985220e+003
  0.0000000e+000  3.4000000e+001  1.1000000e+001  1.0000000e+000  0.0000000e+000  0.0000000e+000  1.0000000e+000  0.0000000e+000  0.0000000e+000  2.9201990e+003
  0.0000000e+000  2.2000000e+001  1.2000000e+001  1.0000000e+000  0.0000000e+000  0.0000000e+000  0.0000000e+000  0.0000000e+000  0.0000000e+000  0.0000000e+000
  0.0000000e+000  3.2000000e+001  1.2000000e+001  0.0000000e+000  1.0000000e+000  1.0000000e+000  0.0000000e+000  0.0000000e+000  0.0000000e+000  6.7353200e+003
  0.0000000e+000  3.1000000e+001  1.0000000e+001  1.0000000e+000  0.0000000e+000  0.0000000e+000  1.0000000e+000  0.0000000e+000  0.0000000e+000  0.0000000e+000
  0.0000000e+000  1.8000000e+001  9.0000000e+000  1.0000000e+000  0.0000000e+000  0.0000000e+000  1.0000000e+000  0.0000000e+000  0.0000000e+000  0.0000000e+000
  0.0000000e+000  5.0000000e+001  1.0000000e+001  0.0000000e+000  1.0000000e+000  0.0000000e+000  1.0000000e+000  0.0000000e+000  0.0000000e+000  0.0000000e+000
  0.0000000e+000  2.5000000e+001  1.1000000e+001  1.0000000e+000  0.0000000e+000  1.0000000e+000  1.0000000e+000  0.0000000e+000  0.0000000e+000  4.4755460e+001
  0.0000000e+000  2.3000000e+001  1.0000000e+001  1.0000000e+000  0.0000000e+000  1.0000000e+000  1.0000000e+000  0.0000000e+000  0.0000000e+000  0.0000000e+000
  0.0000000e+000  3.8000000e+001  1.0000000e+001  1.0000000e+000  0.0000000e+000  0.0000000e+000  1.0000000e+000  0.0000000e+000  0.0000000e+000  0.0000000e+000
  0.0000000e+000  2.5000000e+001  1.0000000e+001  1.0000000e+000  0.0000000e+000  1.0000000e+000  1.0000000e+000  0.0000000e+000  0.0000000e+000  3.7018120e+003
  0.0000000e+000  4.2000000e+001  1.0000000e+001  1.0000000e+000  0.0000000e+000  0.0000000e+000  1.0000000e+000  0.0000000e+000  0.0000000e+000  6.9303360e+003
  0.0000000e+000  3.9000000e+001  1.2000000e+001  1.0000000e+000  0.0000000e+000  1.0000000e+000  0.0000000e+000  0.0000000e+000  0.0000000e+000  3.7957990e+003
  0.0000000e+000  3.4000000e+001  1.3000000e+001  1.0000000e+000  0.0000000e+000  1.0000000e+000  0.0000000e+000  0.0000000e+000  0.0000000e+000  5.1932470e+003
  0.0000000e+000  2.4000000e+001  7.0000000e+000  1.0000000e+000  0.0000000e+000  0.0000000e+000  1.0000000e+000  0.0000000e+000  0.0000000e+000  2.1935280e+003
  0.0000000e+000  3.2000000e+001  1.1000000e+001  1.0000000e+000  0.0000000e+000  0.0000000e+000  1.0000000e+000  0.0000000e+000  0.0000000e+000  1.1120530e+004
  0.0000000e+000  2.7000000e+001  1.3000000e+001  1.0000000e+000  0.0000000e+000  0.0000000e+000  0.0000000e+000  0.0000000e+000  0.0000000e+000  7.6095180e+003
  0.0000000e+000  2.6000000e+001  1.0000000e+001  1.0000000e+000  0.0000000e+000  0.0000000e+000  1.0000000e+000  0.0000000e+000  0.0000000e+000  2.1690270e+003
  0.0000000e+000  4.4000000e+001  1.1000000e+001  1.0000000e+000  0.0000000e+000  0.0000000e+000  1.0000000e+000  0.0000000e+000  0.0000000e+000  0.0000000e+000
  0.0000000e+000  2.5000000e+001  1.1000000e+001  1.0000000e+000  0.0000000e+000  0.0000000e+000  1.0000000e+000  0.0000000e+000  0.0000000e+000  1.2642320e+003
  0.0000000e+000  2.5000000e+001  1.2000000e+001  1.0000000e+000  0.0000000e+000  0.0000000e+000  0.0000000e+000  0.0000000e+000  0.0000000e+000  0.0000000e+000
  0.0000000e+000  2.8000000e+001  1.2000000e+001  1.0000000e+000  0.0000000e+000  1.0000000e+000  0.0000000e+000  0.0000000e+000  0.0000000e+000  0.0000000e+000
  0.0000000e+000  3.2000000e+001  1.0000000e+001  1.0000000e+000  0.0000000e+000  0.0000000e+000  1.0000000e+000  0.0000000e+000  0.0000000e+000  0.0000000e+000
  0.0000000e+000  2.2000000e+001  1.0000000e+001  1.0000000e+000  0.0000000e+000  0.0000000e+000  1.0000000e+000  0.0000000e+000  0.0000000e+000  0.0000000e+000
  0.0000000e+000  1.9000000e+001  9.0000000e+000  1.0000000e+000  0.0000000e+000  0.0000000e+000  1.0000000e+000  0.0000000e+000  0.0000000e+000  5.7126430e+003
  0.0000000e+000  3.1000000e+001  1.0000000e+001  1.0000000e+000  0.0000000e+000  1.0000000e+000  1.0000000e+000  0.0000000e+000  0.0000000e+000  0.0000000e+000
  0.0000000e+000  2.3000000e+001  1.1000000e+001  1.0000000e+000  0.0000000e+000  0.0000000e+000  1.0000000e+000  0.0000000e+000  0.0000000e+000  0.0000000e+000
  0.0000000e+000  3.3000000e+001  1.1000000e+001  1.0000000e+000  0.0000000e+000  0.0000000e+000  1.0000000e+000  0.0000000e+000  0.0000000e+000  0.0000000e+000
  0.0000000e+000  2.7000000e+001  1.0000000e+001  1.0000000e+000  0.0000000e+000  0.0000000e+000  1.0000000e+000  0.0000000e+000  0.0000000e+000  1.1848820e+003
  0.0000000e+000  2.9000000e+001  1.1000000e+001  1.0000000e+000  0.0000000e+000  1.0000000e+000  1.0000000e+000  0.0000000e+000  0.0000000e+000  1.0225880e+004
  0.0000000e+000  2.3000000e+001  1.0000000e+001  1.0000000e+000  0.0000000e+000  0.0000000e+000  1.0000000e+000  0.0000000e+000  0.0000000e+000  0.0000000e+000
  0.0000000e+000  2.5000000e+001  9.0000000e+000  1.0000000e+000  0.0000000e+000  1.0000000e+000  1.0000000e+000  0.0000000e+000  0.0000000e+000  4.7153710e+003
  0.0000000e+000  2.5000000e+001  1.0000000e+001  1.0000000e+000  0.0000000e+000  0.0000000e+000  1.0000000e+000  0.0000000e+000  0.0000000e+000  2.8978990e+002
  0.0000000e+000  2.4000000e+001  1.0000000e+001  1.0000000e+000  0.0000000e+000  0.0000000e+000  1.0000000e+000  0.0000000e+000  0.0000000e+000  0.0000000e+000
  0.0000000e+000  2.8000000e+001  8.0000000e+000  0.0000000e+000  0.0000000e+000  0.0000000e+000  1.0000000e+000  0.0000000e+000  0.0000000e+000  8.1904210e+003
  0.0000000e+000  2.6000000e+001  6.0000000e+000  1.0000000e+000  0.0000000e+000  0.0000000e+000  1.0000000e+000  0.0000000e+000  0.0000000e+000  4.8130500e+003
  0.0000000e+000  3.0000000e+001  1.4000000e+001  1.0000000e+000  0.0000000e+000  1.0000000e+000  0.0000000e+000  0.0000000e+000  0.0000000e+000  7.3446780e+003
  0.0000000e+000  2.5000000e+001  1.0000000e+001  1.0000000e+000  0.0000000e+000  1.0000000e+000  1.0000000e+000  0.0000000e+000  0.0000000e+000  0.0000000e+000
  0.0000000e+000  2.9000000e+001  1.1000000e+001  1.0000000e+000  0.0000000e+000  1.0000000e+000  1.0000000e+000  0.0000000e+000  0.0000000e+000  0.0000000e+000
  0.0000000e+000  2.5000000e+001  1.2000000e+001  1.0000000e+000  0.0000000e+000  1.0000000e+000  0.0000000e+000  0.0000000e+000  0.0000000e+000  0.0000000e+000
  0.0000000e+000  2.8000000e+001  1.3000000e+001  1.0000000e+000  0.0000000e+000  0.0000000e+000  0.0000000e+000  0.0000000e+000  0.0000000e+000  0.0000000e+000
  0.0000000e+000  2.3000000e+001  1.1000000e+001  1.0000000e+000  0.0000000e+000  0.0000000e+000  1.0000000e+000  0.0000000e+000  0.0000000e+000  4.3509070e+003
  0.0000000e+000  5.4000000e+001  1.1000000e+001  1.0000000e+000  0.0000000e+000  0.0000000e+000  1.0000000e+000  0.0000000e+000  0.0000000e+000  7.8125220e+003
  0.0000000e+000  3.3000000e+001  5.0000000e+000  0.0000000e+000  1.0000000e+000  0.0000000e+000  1.0000000e+000  0.0000000e+000  0.0000000e+000  0.0000000e+000
  0.0000000e+000  2.0000000e+001  8.0000000e+000  1.0000000e+000  0.0000000e+000  0.0000000e+000  1.0000000e+000  0.0000000e+000  0.0000000e+000  3.6446550e+003
  0.0000000e+000  4.5000000e+001  9.0000000e+000  1.0000000e+000  0.0000000e+000  0.0000000e+000  1.0000000e+000  0.0000000e+000  0.0000000e+000  4.8448030e+003
  0.0000000e+000  3.9000000e+001  6.0000000e+000  1.0000000e+000  0.0000000e+000  0.0000000e+000  1.0000000e+000  0.0000000e+000  0.0000000e+000  0.0000000e+000
  0.0000000e+000  2.6000000e+001  1.2000000e+001  1.0000000e+000  0.0000000e+000  0.0000000e+000  0.0000000e+000  0.0000000e+000  0.0000000e+000  0.0000000e+000
  0.0000000e+000  2.3000000e+001  1.0000000e+001  1.0000000e+000  0.0000000e+000  0.0000000e+000  1.0000000e+000  0.0000000e+000  0.0000000e+000  0.0000000e+000
  0.0000000e+000  2.7000000e+001  1.2000000e+001  0.0000000e+000  0.0000000e+000  0.0000000e+000  0.0000000e+000  0.0000000e+000  0.0000000e+000  1.4792900e+004
  0.0000000e+000  3.3000000e+001  9.0000000e+000  0.0000000e+000  1.0000000e+000  1.0000000e+000  1.0000000e+000  0.0000000e+000  0.0000000e+000  0.0000000e+000
  0.0000000e+000  2.5000000e+001  1.0000000e+001  1.0000000e+000  0.0000000e+000  1.0000000e+000  1.0000000e+000  0.0000000e+000  0.0000000e+000  0.0000000e+000
  0.0000000e+000  2.3000000e+001  8.0000000e+000  1.0000000e+000  0.0000000e+000  0.0000000e+000  1.0000000e+000  0.0000000e+000  0.0000000e+000  3.7467010e+003
  0.0000000e+000  1.8000000e+001  8.0000000e+000  1.0000000e+000  0.0000000e+000  0.0000000e+000  1.0000000e+000  0.0000000e+000  0.0000000e+000  1.5681500e+003
  0.0000000e+000  1.7000000e+001  8.0000000e+000  1.0000000e+000  0.0000000e+000  0.0000000e+000  1.0000000e+000  0.0000000e+000  0.0000000e+000  7.0104440e+003
  0.0000000e+000  1.9000000e+001  9.0000000e+000  0.0000000e+000  1.0000000e+000  0.0000000e+000  1.0000000e+000  0.0000000e+000  0.0000000e+000  3.8116830e+003
  0.0000000e+000  1.8000000e+001  8.0000000e+000  0.0000000e+000  1.0000000e+000  0.0000000e+000  1.0000000e+000  0.0000000e+000  0.0000000e+000  1.0798560e+004
  0.0000000e+000  1.8000000e+001  1.1000000e+001  1.0000000e+000  0.0000000e+000  0.0000000e+000  1.0000000e+000  0.0000000e+000  0.0000000e+000  4.6572730e+003
  0.0000000e+000  1.7000000e+001  1.1000000e+001  1.0000000e+000  0.0000000e+000  0.0000000e+000  1.0000000e+000  0.0000000e+000  0.0000000e+000  8.5515330e+003
  0.0000000e+000  1.9000000e+001  1.0000000e+001  1.0000000e+000  0.0000000e+000  0.0000000e+000  1.0000000e+000  0.0000000e+000  0.0000000e+000  4.3098780e+003
  0.0000000e+000  1.9000000e+001  1.0000000e+001  1.0000000e+000  0.0000000e+000  0.0000000e+000  1.0000000e+000  0.0000000e+000  0.0000000e+000  5.2863960e+003
  0.0000000e+000  1.8000000e+001  9.0000000e+000  1.0000000e+000  0.0000000e+000  0.0000000e+000  1.0000000e+000  0.0000000e+000  0.0000000e+000  1.2486170e+004
  0.0000000e+000  1.8000000e+001  9.0000000e+000  1.0000000e+000  0.0000000e+000  0.0000000e+000  1.0000000e+000  0.0000000e+000  0.0000000e+000  1.0877350e+004
  0.0000000e+000  1.8000000e+001  1.0000000e+001  1.0000000e+000  0.0000000e+000  0.0000000e+000  1.0000000e+000  0.0000000e+000  0.0000000e+000  2.0228470e+002
  0.0000000e+000  1.7000000e+001  1.0000000e+001  1.0000000e+000  0.0000000e+000  0.0000000e+000  1.0000000e+000  0.0000000e+000  0.0000000e+000  2.6577050e+003
  0.0000000e+000  1.8000000e+001  7.0000000e+000  1.0000000e+000  0.0000000e+000  0.0000000e+000  1.0000000e+000  0.0000000e+000  0.0000000e+000  4.1325770e+003
  0.0000000e+000  1.8000000e+001  1.1000000e+001  1.0000000e+000  0.0000000e+000  0.0000000e+000  1.0000000e+000  0.0000000e+000  0.0000000e+000  1.1303140e+004
  0.0000000e+000  1.9000000e+001  1.0000000e+001  0.0000000e+000  1.0000000e+000  0.0000000e+000  1.0000000e+000  0.0000000e+000  0.0000000e+000  0.0000000e+000
  0.0000000e+000  1.8000000e+001  9.0000000e+000  1.0000000e+000  0.0000000e+000  0.0000000e+000  1.0000000e+000  0.0000000e+000  0.0000000e+000  0.0000000e+000
  0.0000000e+000  1.7000000e+001  1.0000000e+001  1.0000000e+000  0.0000000e+000  0.0000000e+000  1.0000000e+000  0.0000000e+000  0.0000000e+000  0.0000000e+000
  0.0000000e+000  1.7000000e+001  1.0000000e+001  1.0000000e+000  0.0000000e+000  0.0000000e+000  1.0000000e+000  0.0000000e+000  0.0000000e+000  2.1894260e+003
  0.0000000e+000  1.9000000e+001  1.1000000e+001  1.0000000e+000  0.0000000e+000  0.0000000e+000  1.0000000e+000  0.0000000e+000  0.0000000e+000  0.0000000e+000
  0.0000000e+000  1.7000000e+001  8.0000000e+000  0.0000000e+000  0.0000000e+000  0.0000000e+000  1.0000000e+000  0.0000000e+000  0.0000000e+000  1.0210990e+004
  0.0000000e+000  1.8000000e+001  1.0000000e+001  1.0000000e+000  0.0000000e+000  0.0000000e+000  1.0000000e+000  0.0000000e+000  0.0000000e+000  1.1048080e+004
  0.0000000e+000  1.8000000e+001  9.0000000e+000  1.0000000e+000  0.0000000e+000  0.0000000e+000  1.0000000e+000  0.0000000e+000  0.0000000e+000  0.0000000e+000
  0.0000000e+000  1.7000000e+001  8.0000000e+000  1.0000000e+000  0.0000000e+000  0.0000000e+000  1.0000000e+000  0.0000000e+000  0.0000000e+000  8.9938650e+003
  0.0000000e+000  1.9000000e+001  6.0000000e+000  0.0000000e+000  1.0000000e+000  0.0000000e+000  1.0000000e+000  0.0000000e+000  0.0000000e+000  5.0718010e+003
  0.0000000e+000  1.9000000e+001  1.0000000e+001  0.0000000e+000  0.0000000e+000  0.0000000e+000  1.0000000e+000  0.0000000e+000  0.0000000e+000  3.1940100e+003
  0.0000000e+000  1.7000000e+001  1.1000000e+001  0.0000000e+000  0.0000000e+000  0.0000000e+000  1.0000000e+000  0.0000000e+000  0.0000000e+000  0.0000000e+000
  0.0000000e+000  2.0000000e+001  9.0000000e+000  1.0000000e+000  0.0000000e+000  0.0000000e+000  1.0000000e+000  0.0000000e+000  0.0000000e+000  5.1930890e+003
  0.0000000e+000  1.7000000e+001  9.0000000e+000  1.0000000e+000  0.0000000e+000  0.0000000e+000  1.0000000e+000  0.0000000e+000  0.0000000e+000  0.0000000e+000
  0.0000000e+000  1.7000000e+001  1.0000000e+001  1.0000000e+000  0.0000000e+000  0.0000000e+000  1.0000000e+000  0.0000000e+000  0.0000000e+000  2.7556610e+002
  0.0000000e+000  1.7000000e+001  9.0000000e+000  1.0000000e+000  0.0000000e+000  0.0000000e+000  1.0000000e+000  0.0000000e+000  0.0000000e+000  3.5907020e+003
  0.0000000e+000  1.9000000e+001  1.1000000e+001  1.0000000e+000  0.0000000e+000  0.0000000e+000  1.0000000e+000  0.0000000e+000  0.0000000e+000  0.0000000e+000
  0.0000000e+000  1.9000000e+001  1.0000000e+001  1.0000000e+000  0.0000000e+000  1.0000000e+000  1.0000000e+000  0.0000000e+000  0.0000000e+000  1.2797670e+004
  0.0000000e+000  2.0000000e+001  9.0000000e+000  1.0000000e+000  0.0000000e+000  0.0000000e+000  1.0000000e+000  0.0000000e+000  0.0000000e+000  2.0359140e+003
  0.0000000e+000  1.8000000e+001  9.0000000e+000  1.0000000e+000  0.0000000e+000  0.0000000e+000  1.0000000e+000  0.0000000e+000  0.0000000e+000  2.3896790e+003
  0.0000000e+000  1.8000000e+001  1.1000000e+001  1.0000000e+000  0.0000000e+000  0.0000000e+000  1.0000000e+000  0.0000000e+000  0.0000000e+000  0.0000000e+000
  0.0000000e+000  1.7000000e+001  1.0000000e+001  0.0000000e+000  1.0000000e+000  0.0000000e+000  1.0000000e+000  0.0000000e+000  0.0000000e+000  8.4692750e+003
  0.0000000e+000  1.9000000e+001  1.1000000e+001  1.0000000e+000  0.0000000e+000  0.0000000e+000  1.0000000e+000  0.0000000e+000  0.0000000e+000  0.0000000e+000
  0.0000000e+000  1.7000000e+001  1.0000000e+001  1.0000000e+000  0.0000000e+000  0.0000000e+000  1.0000000e+000  0.0000000e+000  0.0000000e+000  1.1433870e+003
  0.0000000e+000  1.7000000e+001  9.0000000e+000  0.0000000e+000  1.0000000e+000  0.0000000e+000  1.0000000e+000  0.0000000e+000  0.0000000e+000  5.1148140e+003
  0.0000000e+000  1.8000000e+001  1.0000000e+001  1.0000000e+000  0.0000000e+000  0.0000000e+000  1.0000000e+000  0.0000000e+000  0.0000000e+000  7.8122430e+002
  0.0000000e+000  2.1000000e+001  9.0000000e+000  1.0000000e+000  0.0000000e+000  0.0000000e+000  1.0000000e+000  5.9149910e+002  0.0000000e+000  3.3432240e+003
  0.0000000e+000  1.8000000e+001  1.0000000e+001  1.0000000e+000  0.0000000e+000  0.0000000e+000  1.0000000e+000  1.5632490e+003  0.0000000e+000  9.6024390e+003
  0.0000000e+000  1.9000000e+001  1.1000000e+001  1.0000000e+000  0.0000000e+000  0.0000000e+000  1.0000000e+000  1.6266230e+003  0.0000000e+000  0.0000000e+000
  0.0000000e+000  2.4000000e+001  9.0000000e+000  1.0000000e+000  0.0000000e+000  0.0000000e+000  1.0000000e+000  2.7884980e+003  0.0000000e+000  1.6461570e+004
  0.0000000e+000  2.8000000e+001  1.1000000e+001  0.0000000e+000  1.0000000e+000  1.0000000e+000  1.0000000e+000  3.4729480e+003  0.0000000e+000  6.7716220e+003
  0.0000000e+000  2.5000000e+001  1.1000000e+001  1.0000000e+000  0.0000000e+000  0.0000000e+000  1.0000000e+000  5.2812450e+003  0.0000000e+000  0.0000000e+000
  0.0000000e+000  2.1000000e+001  7.0000000e+000  1.0000000e+000  0.0000000e+000  0.0000000e+000  1.0000000e+000  3.3799950e+004  0.0000000e+000  1.1011570e+004
  0.0000000e+000  3.9000000e+001  1.1000000e+001  1.0000000e+000  0.0000000e+000  0.0000000e+000  1.0000000e+000  0.0000000e+000  8.3689640e+001  0.0000000e+000
  0.0000000e+000  3.6000000e+001  1.2000000e+001  1.0000000e+000  0.0000000e+000  0.0000000e+000  0.0000000e+000  0.0000000e+000  1.4239730e+002  0.0000000e+000
  0.0000000e+000  2.4000000e+001  1.2000000e+001  1.0000000e+000  0.0000000e+000  0.0000000e+000  0.0000000e+000  0.0000000e+000  1.5988470e+002  0.0000000e+000
  0.0000000e+000  1.7000000e+001  1.1000000e+001  1.0000000e+000  0.0000000e+000  0.0000000e+000  1.0000000e+000  9.8926780e+002  1.6520770e+002  4.2511270e+003
  0.0000000e+000  1.8000000e+001  1.0000000e+001  1.0000000e+000  0.0000000e+000  0.0000000e+000  1.0000000e+000  9.6042680e+002  2.4010670e+002  2.8916680e+003
  0.0000000e+000  1.8000000e+001  1.0000000e+001  1.0000000e+000  0.0000000e+000  0.0000000e+000  1.0000000e+000  0.0000000e+000  2.7355250e+002  5.5143650e+003
  0.0000000e+000  2.8000000e+001  1.0000000e+001  1.0000000e+000  0.0000000e+000  0.0000000e+000  1.0000000e+000  1.4712930e+003  3.6782340e+002  4.8588950e+003
  0.0000000e+000  2.7000000e+001  1.3000000e+001  0.0000000e+000  0.0000000e+000  0.0000000e+000  0.0000000e+000  5.2143060e+003  4.7450180e+002  4.8125760e+003
  0.0000000e+000  3.1000000e+001  1.2000000e+001  0.0000000e+000  0.0000000e+000  0.0000000e+000  0.0000000e+000  0.0000000e+000  4.9464300e+002  0.0000000e+000
  0.0000000e+000  2.2000000e+001  9.0000000e+000  1.0000000e+000  0.0000000e+000  0.0000000e+000  1.0000000e+000  0.0000000e+000  5.0640760e+002  6.0419870e+002
  0.0000000e+000  3.1000000e+001  1.0000000e+001  1.0000000e+000  0.0000000e+000  0.0000000e+000  1.0000000e+000  0.0000000e+000  5.2044630e+002  1.4527880e+004
  0.0000000e+000  2.6000000e+001  1.0000000e+001  1.0000000e+000  0.0000000e+000  1.0000000e+000  1.0000000e+000  6.1403670e+003  5.5877340e+002  0.0000000e+000
  0.0000000e+000  1.8000000e+001  9.0000000e+000  0.0000000e+000  0.0000000e+000  0.0000000e+000  1.0000000e+000  0.0000000e+000  5.5959600e+002  7.3004980e+003
  0.0000000e+000  2.3000000e+001  1.1000000e+001  1.0000000e+000  0.0000000e+000  0.0000000e+000  1.0000000e+000  6.3823090e+003  5.8079010e+002  0.0000000e+000
  0.0000000e+000  2.0000000e+001  1.2000000e+001  1.0000000e+000  0.0000000e+000  0.0000000e+000  0.0000000e+000  0.0000000e+000  5.9181510e+002  4.1599190e+003
  0.0000000e+000  1.9000000e+001  1.0000000e+001  1.0000000e+000  0.0000000e+000  0.0000000e+000  1.0000000e+000  0.0000000e+000  6.0415390e+002  0.0000000e+000
  0.0000000e+000  1.8000000e+001  1.1000000e+001  1.0000000e+000  0.0000000e+000  0.0000000e+000  1.0000000e+000  1.0646990e+003  6.4527230e+002  5.4975910e+003
  0.0000000e+000  1.7000000e+001  1.0000000e+001  1.0000000e+000  0.0000000e+000  0.0000000e+000  1.0000000e+000  0.0000000e+000  6.6456900e+002  0.0000000e+000
  0.0000000e+000  2.7000000e+001  1.2000000e+001  1.0000000e+000  0.0000000e+000  1.0000000e+000  0.0000000e+000  0.0000000e+000  7.5239010e+002  0.0000000e+000
  0.0000000e+000  2.7000000e+001  1.1000000e+001  1.0000000e+000  0.0000000e+000  0.0000000e+000  1.0000000e+000  3.0651940e+003  7.6629860e+002  0.0000000e+000
  0.0000000e+000  2.8000000e+001  1.2000000e+001  0.0000000e+000  0.0000000e+000  0.0000000e+000  0.0000000e+000  0.0000000e+000  8.0334300e+002  1.6477020e+004
  0.0000000e+000  2.8000000e+001  1.1000000e+001  1.0000000e+000  0.0000000e+000  0.0000000e+000  1.0000000e+000  2.4319490e+003  8.6347950e+002  0.0000000e+000
  0.0000000e+000  2.1000000e+001  1.0000000e+001  1.0000000e+000  0.0000000e+000  0.0000000e+000  1.0000000e+000  6.6610630e+003  1.1623620e+003  3.9483530e+004
  0.0000000e+000  1.7000000e+001  1.0000000e+001  0.0000000e+000  1.0000000e+000  0.0000000e+000  1.0000000e+000  4.9051190e+003  1.1689020e+003  1.1306270e+004
  0.0000000e+000  2.6000000e+001  1.1000000e+001  1.0000000e+000  0.0000000e+000  0.0000000e+000  1.0000000e+000  4.6999630e+003  1.1749910e+003  6.6720210e+003
  0.0000000e+000  2.9000000e+001  9.0000000e+000  1.0000000e+000  0.0000000e+000  0.0000000e+000  1.0000000e+000  0.0000000e+000  1.2038240e+003  9.3786530e+003
  0.0000000e+000  1.7000000e+001  1.0000000e+001  0.0000000e+000  1.0000000e+000  0.0000000e+000  1.0000000e+000  1.2036090e+003  1.2396280e+003  5.0889860e+003
  0.0000000e+000  2.2000000e+001  1.1000000e+001  1.0000000e+000  0.0000000e+000  0.0000000e+000  1.0000000e+000  7.9141310e+003  1.3216600e+003  2.6392900e+003
  0.0000000e+000  2.4000000e+001  1.1000000e+001  1.0000000e+000  0.0000000e+000  0.0000000e+000  1.0000000e+000  0.0000000e+000  1.3279930e+003  9.4959020e+003
  0.0000000e+000  2.0000000e+001  1.2000000e+001  1.0000000e+000  0.0000000e+000  0.0000000e+000  0.0000000e+000  5.5769880e+002  1.3714730e+003  2.0893110e+004
  0.0000000e+000  1.8000000e+001  1.2000000e+001  1.0000000e+000  0.0000000e+000  0.0000000e+000  0.0000000e+000  0.0000000e+000  1.4055120e+003  0.0000000e+000
  0.0000000e+000  2.4000000e+001  1.1000000e+001  0.0000000e+000  0.0000000e+000  0.0000000e+000  1.0000000e+000  2.6697250e+003  1.4683830e+003  1.0361690e+004
  0.0000000e+000  2.1000000e+001  9.0000000e+000  0.0000000e+000  0.0000000e+000  0.0000000e+000  1.0000000e+000  2.9884120e+003  1.5771670e+003  1.7401990e+003
  0.0000000e+000  3.0000000e+001  8.0000000e+000  1.0000000e+000  0.0000000e+000  0.0000000e+000  1.0000000e+000  0.0000000e+000  1.7066570e+003  0.0000000e+000
  0.0000000e+000  3.1000000e+001  1.1000000e+001  1.0000000e+000  0.0000000e+000  0.0000000e+000  1.0000000e+000  1.7711880e+004  1.7264450e+003  0.0000000e+000
  0.0000000e+000  1.7000000e+001  1.0000000e+001  0.0000000e+000  1.0000000e+000  0.0000000e+000  1.0000000e+000  1.4426810e+003  1.7345590e+003  6.3541940e+003
  0.0000000e+000  1.9000000e+001  9.0000000e+000  1.0000000e+000  0.0000000e+000  0.0000000e+000  1.0000000e+000  8.4096270e+003  1.7780890e+003  7.1710000e+003
  0.0000000e+000  2.3000000e+001  1.1000000e+001  1.0000000e+000  0.0000000e+000  0.0000000e+000  1.0000000e+000  0.0000000e+000  1.8960230e+003  5.5735470e+003
  0.0000000e+000  2.2000000e+001  1.2000000e+001  1.0000000e+000  0.0000000e+000  0.0000000e+000  0.0000000e+000  4.3800170e+003  2.0036800e+003  4.3968810e+002
  0.0000000e+000  2.9000000e+001  1.2000000e+001  1.0000000e+000  0.0000000e+000  0.0000000e+000  0.0000000e+000  2.2859440e+004  2.0802090e+003  1.6969950e+004
  0.0000000e+000  2.2000000e+001  1.0000000e+001  1.0000000e+000  0.0000000e+000  0.0000000e+000  1.0000000e+000  0.0000000e+000  2.1749550e+003  5.3440210e+003
  0.0000000e+000  2.9000000e+001  1.3000000e+001  1.0000000e+000  0.0000000e+000  0.0000000e+000  0.0000000e+000  7.1824920e+002  2.2655790e+003  2.7253220e+003
  0.0000000e+000  1.9000000e+001  1.1000000e+001  1.0000000e+000  0.0000000e+000  0.0000000e+000  1.0000000e+000  7.2134060e+002  2.4455890e+003  9.7722830e+003
  0.0000000e+000  1.7000000e+001  9.0000000e+000  1.0000000e+000  0.0000000e+000  0.0000000e+000  1.0000000e+000  0.0000000e+000  2.5952670e+003  0.0000000e+000
  0.0000000e+000  1.8000000e+001  1.0000000e+001  1.0000000e+000  0.0000000e+000  0.0000000e+000  1.0000000e+000  1.7165090e+003  2.6821250e+003  0.0000000e+000
  0.0000000e+000  1.9000000e+001  1.2000000e+001  1.0000000e+000  0.0000000e+000  0.0000000e+000  0.0000000e+000  8.4170000e+003  2.8141950e+003  1.7209070e+003
  0.0000000e+000  2.0000000e+001  6.0000000e+000  1.0000000e+000  0.0000000e+000  0.0000000e+000  1.0000000e+000  6.0068790e+003  2.8506100e+003  0.0000000e+000
  0.0000000e+000  3.3000000e+001  1.1000000e+001  1.0000000e+000  0.0000000e+000  0.0000000e+000  1.0000000e+000  1.0523830e+004  2.8998200e+003  1.8859890e+004
  0.0000000e+000  3.6000000e+001  1.1000000e+001  0.0000000e+000  1.0000000e+000  0.0000000e+000  1.0000000e+000  5.4437340e+003  3.0638780e+003  1.3245420e+003
  0.0000000e+000  2.5000000e+001  1.1000000e+001  1.0000000e+000  0.0000000e+000  0.0000000e+000  1.0000000e+000  1.5209990e+004  3.0727260e+003  2.8465840e+002
  0.0000000e+000  1.9000000e+001  1.1000000e+001  1.0000000e+000  0.0000000e+000  0.0000000e+000  1.0000000e+000  3.5040140e+003  3.2856800e+003  1.1195930e+004
  0.0000000e+000  2.3000000e+001  8.0000000e+000  1.0000000e+000  0.0000000e+000  0.0000000e+000  1.0000000e+000  7.7242830e+003  3.4030560e+003  0.0000000e+000
  0.0000000e+000  1.7000000e+001  1.1000000e+001  1.0000000e+000  0.0000000e+000  0.0000000e+000  1.0000000e+000  4.0807300e+003  3.7960290e+003  0.0000000e+000
  0.0000000e+000  4.3000000e+001  1.0000000e+001  1.0000000e+000  0.0000000e+000  0.0000000e+000  1.0000000e+000  2.5028680e+003  4.1284430e+003  7.5652730e+003
  0.0000000e+000  2.6000000e+001  1.1000000e+001  1.0000000e+000  0.0000000e+000  1.0000000e+000  1.0000000e+000  0.0000000e+000  4.1847320e+003  0.0000000e+000
  0.0000000e+000  2.7000000e+001  1.1000000e+001  1.0000000e+000  0.0000000e+000  1.0000000e+000  1.0000000e+000  0.0000000e+000  4.4918840e+003  0.0000000e+000
  0.0000000e+000  1.9000000e+001  1.1000000e+001  1.0000000e+000  0.0000000e+000  0.0000000e+000  1.0000000e+000  6.3374920e+003  4.5030640e+003  0.0000000e+000
  0.0000000e+000  2.8000000e+001  1.1000000e+001  1.0000000e+000  0.0000000e+000  1.0000000e+000  1.0000000e+000  8.5931630e+003  5.3938950e+003  4.9745860e+003
  0.0000000e+000  2.8000000e+001  1.2000000e+001  1.0000000e+000  0.0000000e+000  1.0000000e+000  0.0000000e+000  1.0585130e+004  5.5514560e+003  1.2780020e+004
  0.0000000e+000  2.6000000e+001  8.0000000e+000  1.0000000e+000  0.0000000e+000  0.0000000e+000  1.0000000e+000  1.1262900e+003  5.5625980e+003  3.5235780e+003
  0.0000000e+000  3.1000000e+001  1.2000000e+001  1.0000000e+000  0.0000000e+000  0.0000000e+000  0.0000000e+000  0.0000000e+000  5.6139090e+003  0.0000000e+000
  0.0000000e+000  2.3000000e+001  1.1000000e+001  1.0000000e+000  0.0000000e+000  0.0000000e+000  1.0000000e+000  7.6173620e+003  5.7164070e+003  1.0274840e+004
  0.0000000e+000  2.0000000e+001  1.2000000e+001  1.0000000e+000  0.0000000e+000  0.0000000e+000  0.0000000e+000  7.1824920e+003  6.0047280e+003  4.7797200e+003
  0.0000000e+000  2.8000000e+001  1.0000000e+001  1.0000000e+000  0.0000000e+000  1.0000000e+000  1.0000000e+000  8.2933450e+003  6.4494800e+003  1.6988180e+004
  0.0000000e+000  3.9000000e+001  1.2000000e+001  1.0000000e+000  0.0000000e+000  1.0000000e+000  0.0000000e+000  1.9785320e+004  6.6081370e+003  4.9925720e+002
  0.0000000e+000  2.1000000e+001  8.0000000e+000  1.0000000e+000  0.0000000e+000  0.0000000e+000  1.0000000e+000  3.9570680e+004  6.6083040e+003  3.0835810e+003
  0.0000000e+000  2.2000000e+001  1.1000000e+001  1.0000000e+000  0.0000000e+000  0.0000000e+000  1.0000000e+000  8.8100670e+003  6.9744840e+003  3.7087190e+003
  0.0000000e+000  2.0000000e+001  1.1000000e+001  1.0000000e+000  0.0000000e+000  0.0000000e+000  1.0000000e+000  8.0091640e+003  7.6668750e+003  7.6592180e+003
  0.0000000e+000  2.1000000e+001  1.1000000e+001  0.0000000e+000  1.0000000e+000  0.0000000e+000  1.0000000e+000  2.9925340e+003  8.9204710e+003  2.0857840e+004
  0.0000000e+000  2.3000000e+001  1.2000000e+001  0.0000000e+000  1.0000000e+000  0.0000000e+000  0.0000000e+000  5.7216960e+003  8.9606840e+003  7.0781780e+003
  0.0000000e+000  2.9000000e+001  9.0000000e+000  1.0000000e+000  0.0000000e+000  0.0000000e+000  1.0000000e+000  9.2689430e+003  9.1606930e+003  0.0000000e+000
  0.0000000e+000  2.8000000e+001  9.0000000e+000  1.0000000e+000  0.0000000e+000  1.0000000e+000  1.0000000e+000  1.0222410e+004  9.2104470e+003  1.2398440e+003
  0.0000000e+000  3.0000000e+001  1.1000000e+001  1.0000000e+000  0.0000000e+000  1.0000000e+000  1.0000000e+000  0.0000000e+000  9.3119380e+003  3.9828010e+003
  0.0000000e+000  2.5000000e+001  1.0000000e+001  1.0000000e+000  0.0000000e+000  1.0000000e+000  1.0000000e+000  1.3519970e+004  9.3194440e+003  0.0000000e+000
  0.0000000e+000  2.8000000e+001  1.1000000e+001  1.0000000e+000  0.0000000e+000  1.0000000e+000  1.0000000e+000  8.2438890e+002  1.0033910e+004  0.0000000e+000
  0.0000000e+000  2.2000000e+001  1.0000000e+001  0.0000000e+000  0.0000000e+000  0.0000000e+000  1.0000000e+000  2.7864360e+004  1.0598670e+004  7.0949200e+003
  0.0000000e+000  4.4000000e+001  9.0000000e+000  1.0000000e+000  0.0000000e+000  1.0000000e+000  1.0000000e+000  1.2260780e+004  1.0857240e+004  1.2359310e+004
  0.0000000e+000  2.1000000e+001  9.0000000e+000  1.0000000e+000  0.0000000e+000  0.0000000e+000  1.0000000e+000  3.1886430e+004  1.2357220e+004  0.0000000e+000
  0.0000000e+000  2.8000000e+001  1.1000000e+001  1.0000000e+000  0.0000000e+000  0.0000000e+000  1.0000000e+000  1.7491450e+004  1.3371250e+004  0.0000000e+000
  0.0000000e+000  2.9000000e+001  9.0000000e+000  0.0000000e+000  1.0000000e+000  0.0000000e+000  1.0000000e+000  9.5943080e+003  1.6341160e+004  1.6900300e+004
  0.0000000e+000  2.5000000e+001  9.0000000e+000  1.0000000e+000  0.0000000e+000  1.0000000e+000  1.0000000e+000  2.4731620e+004  1.6946630e+004  7.3439640e+003
  0.0000000e+000  2.2000000e+001  1.0000000e+001  0.0000000e+000  0.0000000e+000  1.0000000e+000  1.0000000e+000  2.5720920e+004  2.3031980e+004  5.4488010e+003
